23
3
7
5
2
9
20
13
5
4
2
20
19
18
17
17
15
16
16
13
13
12
23
21
7
0
0
11
11
8
8
10
5
17
14
23
23
23
9
15
6
4
10
11
20
7
8
7
7
15
8
5
4
1
9
2
4
21
13
22
3
10
11
13
18
7
18
12
22
21
0
16
16
13
14
8
23
17
12
0
10
17
11
20
9
23
21
1
17
10
17
23
15
13
15
8
10
7
12
14
9
22
8
12
14
0
12
15
1
0
8
6
18
4
12
23
8
1
1
3
10
3
19
12
0
9
13
0
14
10
13
15
11
3
13
14
21
4
18
2
14
9
0
16
6
21
19
22
15
10
1
20
5
10
12
22
5
14
21
21
14
4
2
12
12
8
18
0
5
23
4
21
0
17
0
3
6
0
9
10
6
21
17
19
7
10
2
12
22
16
9
11
10
2
7
18
3
6
21
15
5
3
21
12
14
21
10
4
5
0
12
4
5
16
11
12
7
4
21
16
10
21
12
7
14
3
0
3
23
18
5
12
9
12
17
3
0
4
7
0
7
21
10
19
20
21
21
1
2
14
1
23
11
3
10
0
10
23
12
21
21
18
12
2
18
14
19
14
23
5
3
10
7
16
7
5
1
19
20
23
1
0
10
1
6
5
2
2
2
23
2
7
0
1
5
22
14
6
3
3
19
4
1
15
3
2
2
23
3
2
23
3
11
16
23
14
1
7
7
7
2
19
20
2
1
4
2
1
3
7
20
5
19
3
23
6
5
5
2
22
5
4
1
1
14
14
14
4
6
5
4
4
20
14
4
4
22
1
1
22
