0 4 38 45
0 18 38 45
0 19 38 45
0 9 76 91
1 9 4688 4727
2 20 7 276
2 9 6162 6208
3 20 1517 2094
3 9 6686 6732
4 20 35 73
5 20 309 658
6 9 6333 6379
7 17 2353 2354
7 17 2363 2364
7 17 2364 2365
7 17 2567 2568
7 17 2590 2594
8 9 5699 5742
9 20 372 835
9 9 4315 4367
10 20 29 283
10 9 4523 4563
11 9 4551 4590
12 20 650 831
12 9 5514 5553
13 4 75 79
13 18 75 79
13 19 75 79
13 9 1436 1476
14 9 5273 5310
15 9 5439 5477
16 16 416 428
16 9 5593 5630
17 9 5508 5558
18 9 5612 5662
19 9 5661 5711
20 9 6168 6218
21 9 5854 5903
22 18 1013 1014
22 19 1013 1014
22 18 1015 1024
22 19 1015 1024
22 18 1024 1025
22 19 1024 1025
22 18 1028 1041
22 19 1028 1041
22 18 1045 1048
22 19 1045 1048
22 18 1160 1161
22 19 1160 1161
22 9 2294 2341
23 9 5811 5860
24 17 2638 2639
24 17 2693 2694
24 17 2694 2695
24 9 5550 5598
25 9 1847 1863
26 9 5831 5880
27 18 2029 2030
27 19 2029 2030
27 18 2060 2061
27 19 2060 2061
27 9 2918 2968
28 9 5665 5714
29 9 5685 5734
30 9 6302 6353
31 9 6283 6334
32 9 6283 6334
33 9 6333 6385
34 9 6350 6402
35 20 14 38
36 20 217 280
37 9 6138 6188
38 9 6343 6395
39 9 6330 6381
40 9 6301 6352
41 20 4290 4722
41 20 4729 4852
41 20 4860 5006
41 20 5013 5408
41 9 5954 6005
42 9 6234 6286
43 9 6538 6590
44 9 6478 6530
45 9 6508 6560
46 9 6525 6577
47 20 14 30
48 20 239 285
49 9 6406 6487
50 9 6555 6638
51 9 6535 6616
52 9 6591 6672
53 20 13 37
53 20 45 46
54 20 4460 5977
54 3 5144 5993
54 20 6011 6019
54 9 6539 6621
54 20 7088 10880
54 10 7089 10879
55 16 365 1799
56 9 6328 6408
57 9 6573 6656
58 9 6547 6630
59 9 6673 6755
60 20 1377 3075
61 9 6371 6452
62 9 6569 6652
63 9 6585 6668
64 9 6586 6668
65 9 6631 6712
66 9 6583 6665
67 9 6553 6635
68 9 6618 6701
69 9 6565 6646
70 9 6624 6705
71 9 6634 6715
72 9 6597 6679
73 9 6623 6705
74 9 6597 6676
75 9 6557 6638
76 9 6584 6665
77 9 6675 6757
78 9 6600 6681
79 9 6583 6664
80 9 6592 6672
81 9 6582 6663
82 9 6598 6679
83 9 6537 6617
84 9 6554 6635
85 9 6542 6622
86 9 6521 6602
87 9 6582 6662
88 9 6531 6611
89 9 6509 6589
90 9 6483 6562
91 9 6588 6669
92 9 6555 6636
93 9 6560 6639
94 9 6478 6558
95 9 6508 6587
96 9 6473 6553
97 9 6521 6601
98 9 6506 6586
99 9 6511 6591
100 9 6553 6633
101 9 6499 6578
102 9 6507 6586
103 9 6552 6632
104 9 6484 6563
105 9 6503 6582
106 9 6519 6599
107 9 6541 6621
108 9 6554 6633
109 17 3067 3069
109 17 3069 3070
109 17 3073 3077
109 17 3077 3085
109 17 3086 3089
109 17 3089 3109
109 17 3109 3157
109 17 3159 3162
109 17 3167 3168
109 17 3168 3170
109 17 3171 3192
109 17 3193 3488
109 9 6582 6662
110 9 6537 6616
111 9 6184 6260
112 16 273 280
113 16 1588 1892
113 11 1774 1928
113 9 6780 6860
114 9 6622 6702
115 9 6608 6688
116 9 6620 6698
117 9 6548 6627
118 9 6568 6647
119 9 6490 6568
120 9 6499 6515
121 16 2387 2750
121 11 2592 2750
121 4 2679 2750
121 18 2699 2750
121 19 2699 2750
122 4 1779 1780
123 4 1921 1927
123 9 6494 6529
124 9 6503 6536
125 9 6525 6566
126 4 1916 1917
127 18 4161 9054
127 19 4161 9054
127 9 9727 9755
128 18 2240 2242
128 19 2240 2242
128 18 2538 2540
128 19 2538 2540
128 18 2540 2541
128 19 2540 2541
128 18 2545 2546
128 19 2545 2546
128 18 2547 2548
128 19 2547 2548
128 18 2549 2565
128 19 2549 2565
128 18 2567 2574
128 19 2567 2574
128 18 2575 2576
128 19 2575 2576
128 18 2577 2584
128 19 2577 2584
128 18 2585 2586
128 19 2585 2586
128 18 2587 2588
128 19 2587 2588
128 18 2590 2592
128 19 2590 2592
128 18 2598 2599
128 19 2598 2599
128 18 2599 2600
128 19 2599 2600
128 18 2623 2625
128 19 2623 2625
128 18 2700 2702
128 19 2700 2702
128 18 2702 2704
128 19 2702 2704
128 18 2722 2723
128 19 2722 2723
128 18 2725 2730
128 19 2725 2730
128 18 2736 2738
128 19 2736 2738
128 18 2738 2740
128 19 2738 2740
128 18 2740 2744
128 19 2740 2744
128 18 2745 2755
128 19 2745 2755
128 9 3351 3387
129 9 6226 6261
130 4 1923 1926
130 9 6488 6528
131 4 1901 1903
131 9 6455 6494
132 18 2287 2288
132 19 2287 2288
132 18 2301 2308
132 19 2301 2308
132 18 2312 2313
132 19 2312 2313
132 18 2314 2316
132 19 2314 2316
132 18 2316 2317
132 19 2316 2317
132 18 2320 2328
132 19 2320 2328
132 18 2330 2416
132 19 2330 2416
132 18 2460 2461
132 19 2460 2461
132 18 2468 2469
132 19 2468 2469
132 18 2471 2473
132 19 2471 2473
132 18 2474 2619
132 19 2474 2619
132 18 2620 2622
132 19 2620 2622
132 18 2625 2691
132 19 2625 2691
132 18 2691 2692
132 19 2691 2692
132 18 2693 2698
132 19 2693 2698
132 18 2706 2709
132 19 2706 2709
132 18 2710 2714
132 19 2710 2714
132 18 2720 2864
132 19 2720 2864
132 18 2866 2870
132 19 2866 2870
132 18 2872 2873
132 19 2872 2873
132 18 2878 2879
132 19 2878 2879
132 18 2879 2883
132 19 2879 2883
132 18 2888 2889
132 19 2888 2889
132 18 2892 2901
132 19 2892 2901
132 18 2903 2904
132 19 2903 2904
132 18 2908 2909
132 19 2908 2909
132 18 2910 3074
132 19 2910 3074
132 18 3074 3075
132 19 3074 3075
132 18 3076 3088
132 19 3076 3088
132 18 3089 3090
132 19 3089 3090
132 18 3092 3093
132 19 3092 3093
132 18 3095 3096
132 19 3095 3096
132 18 3097 3101
132 19 3097 3101
132 18 3106 3115
132 19 3106 3115
132 18 3115 3118
132 19 3115 3118
132 18 3119 3121
132 19 3119 3121
132 18 3122 3124
132 19 3122 3124
132 18 3126 3300
132 19 3126 3300
132 18 3300 3301
132 19 3300 3301
132 18 3304 3322
132 19 3304 3322
132 18 3323 3515
132 19 3323 3515
132 18 3520 3548
132 19 3520 3548
132 18 3550 4005
132 19 3550 4005
132 9 4680 4709
133 4 1683 1685
134 20 7 8
134 9 6528 6648
135 9 6479 6605
135 9 6670 6692
135 9 6755 6794
135 9 6852 6882
135 9 6950 6987
135 9 7273 7307
135 9 7373 7409
135 9 7465 7486
136 20 6 7
136 9 6491 6615
136 9 6824 6825
137 4 1933 1939
137 9 6479 6606
137 9 6687 6730
137 9 6808 6844
137 9 6913 6946
137 9 7011 7034
137 9 7399 7451
137 9 7513 7524
138 13 1376 1377
138 4 1377 1386
138 17 1377 1654
138 17 1659 1660
138 17 1898 1900
138 17 2584 2585
138 17 2590 2596
138 17 2597 2602
138 17 2602 2603
138 17 2605 2610
138 17 2610 2624
138 17 2629 2631
138 17 2631 2646
138 17 2848 2849
138 17 2850 2854
138 9 5773 5888
138 9 5915 5944
138 9 6003 6005
139 4 1871 1872
139 9 6404 6529
139 9 6594 6614
139 9 6693 6723
139 9 6795 6818
139 9 6900 6919
139 9 7278 7300
139 9 7373 7391
139 9 7460 7496
140 9 6463 6590
140 9 6783 6804
140 9 6885 6898
140 9 6969 6999
140 9 7342 7360
140 9 7425 7454
140 9 7514 7553
141 20 18 27
141 4 1963 1966
141 9 6513 6638
141 9 6667 6705
141 9 6782 6816
141 9 6875 6917
141 9 6994 7029
141 9 7402 7446
141 9 7508 7545
142 18 4186 8480
142 19 4186 8480
143 18 4041 5851
143 19 4041 5851
143 18 5851 5852
143 19 5851 5852
143 18 5853 6362
143 19 5853 6362
143 9 6720 6839
143 9 7695 7716
143 9 7779 7812
143 9 7872 7899
143 9 7960 7995
143 9 8048 8084
144 4 1799 1805
144 9 6304 6430
144 9 6517 6533
144 9 6612 6628
144 9 6797 6811
144 9 7245 7273
144 9 7337 7360
144 9 7425 7455
144 9 7514 7545
145 4 1962 1967
145 9 6523 6648
145 9 6678 6713
145 9 6780 6808
145 9 6867 6885
145 9 6951 6976
145 9 7047 7049
145 9 7384 7402
145 9 7474 7490
145 9 7558 7581
146 4 1971 1973
146 9 6536 6663
146 9 6851 6863
146 9 7572 7590
147 4 1952 1957
147 9 6511 6636
147 9 6667 6711
147 9 6779 6810
147 9 6872 6902
147 9 6972 6997
147 9 7343 7364
147 9 7428 7484
147 9 7536 7598
148 9 6477 6603
148 9 6700 6731
148 9 6800 6830
148 9 6895 6924
148 9 6986 7019
148 9 7357 7384
148 9 7447 7473
148 9 7533 7567
149 9 6475 6597
149 9 6710 6718
149 9 6788 6805
149 9 6956 6972
149 9 7401 7424
149 9 7489 7520
149 9 7579 7601
150 9 6573 6698
150 9 6727 6776
150 9 6844 6883
150 9 6944 6973
150 9 7042 7066
151 17 2207 2208
151 17 2364 2366
151 17 2366 2367
151 17 2368 2369
151 17 2369 2370
151 17 2390 2391
151 17 2392 2393
151 17 2439 2440
151 17 2593 2594
151 17 2859 2862
151 17 2862 2865
151 17 2901 2903
151 17 2936 2937
151 17 3093 3094
151 17 3102 3104
151 17 3105 3115
151 17 3121 3122
151 17 3122 3123
151 17 3124 3126
151 17 3129 3131
151 17 3131 3132
151 17 3135 3142
151 17 3295 3297
151 17 3300 3305
151 17 3309 3323
151 17 3323 3334
151 17 3335 3336
151 17 3337 3348
151 17 3351 3352
151 17 3355 3357
151 17 3358 3360
151 9 6567 6694
151 9 6780 6810
151 9 6869 6908
151 9 6972 6994
151 9 7065 7097
152 9 6570 6693
152 9 6723 6739
152 9 6817 6828
152 9 6891 6909
152 9 6977 6980
153 9 6565 6690
153 9 6723 6766
153 9 6834 6860
153 9 6926 6944
153 9 7016 7030
153 9 7473 7479
154 20 868 892
154 20 899 923
154 20 930 954
154 20 960 963
155 20 0 252
155 20 2824 3404
155 18 3030 3416
155 19 3030 3416
155 21 3110 3411
155 9 3800 3923
156 9 6063 6182
156 9 6238 6258
156 9 6330 6368
156 9 6431 6459
156 9 6526 6550
156 9 6991 7013
156 9 7077 7121
156 9 7177 7205
156 9 7261 7309
156 9 7357 7402
157 9 6554 6680
157 9 6708 6711
157 9 6793 6819
157 9 6880 6905
157 9 6977 6998
157 9 7426 7460
158 9 6575 6618
159 17 2531 2532
159 17 2534 2535
159 17 2537 2538
159 17 2544 2545
159 9 6545 6588
160 9 6566 6609
161 9 6572 6616
162 18 2982 2986
162 19 2982 2986
162 18 2986 2987
162 19 2986 2987
162 18 3149 3151
162 19 3149 3151
162 18 3152 3153
162 19 3152 3153
162 18 3182 3186
162 19 3182 3186
162 18 3186 3188
162 19 3186 3188
162 18 3189 3190
162 19 3189 3190
162 18 3191 3193
162 19 3191 3193
162 18 3326 3328
162 19 3326 3328
162 18 3342 3345
162 19 3342 3345
162 18 3349 3353
162 19 3349 3353
162 18 3355 3357
162 19 3355 3357
162 18 3370 3371
162 19 3370 3371
162 18 3385 3386
162 19 3385 3386
162 18 3388 3389
162 19 3388 3389
162 18 3394 3396
162 19 3394 3396
162 9 4435 4479
163 9 6244 6286
164 9 6534 6577
165 9 6519 6562
166 9 6588 6629
167 9 6531 6573
168 9 6510 6552
169 9 6536 6578
170 9 6541 6584
171 9 6526 6569
172 9 6519 6560
173 9 6530 6572
174 9 6514 6556
175 7 1243 1349
175 7 1570 1656
175 12 1604 1656
175 12 1681 3332
175 1 1889 3330
175 16 1889 3331
176 9 6282 6323
177 9 6549 6592
178 9 6476 6518
179 9 6509 6551
180 1 4029 4902
180 16 4029 4903
180 22 5079 8788
180 20 5858 6269
180 9 7605 7645
181 9 6531 6571
182 20 0 32
182 20 39 7890
183 9 6314 6355
184 9 6455 6497
185 9 6468 6510
186 9 6472 6514
187 20 8 45
187 20 172 198
187 20 258 270
188 20 754 761
188 18 2232 2233
188 19 2232 2233
188 18 2250 2252
188 19 2250 2252
188 18 2255 2256
188 19 2255 2256
188 18 2256 2259
188 19 2256 2259
188 18 2259 2279
188 19 2259 2279
188 18 2280 2298
188 19 2280 2298
188 18 2299 2302
188 19 2299 2302
188 18 2303 2308
188 19 2303 2308
188 18 2310 2312
188 19 2310 2312
188 18 2316 2325
188 19 2316 2325
188 18 2326 2331
188 19 2326 2331
188 18 2444 2445
188 19 2444 2445
188 18 2485 2487
188 19 2485 2487
188 18 2492 2494
188 19 2492 2494
188 18 2520 2522
188 19 2520 2522
188 18 2523 2525
188 19 2523 2525
188 18 2525 2533
188 19 2525 2533
188 18 2537 2539
188 19 2537 2539
188 18 2540 2590
188 19 2540 2590
189 18 3826 5351
189 19 3826 5351
189 9 5710 5751
190 9 6197 6237
191 9 6424 6465
192 9 6446 6488
193 9 6448 6489
194 9 6418 6459
195 9 6432 6474
196 9 6439 6482
197 9 6446 6488
198 9 6445 6488
199 9 6456 6497
200 20 493 517
200 20 523 547
200 20 554 559
200 9 6463 6506
201 9 6445 6486
202 9 6437 6478
203 9 6429 6471
204 9 6434 6476
205 9 6442 6484
206 9 6408 6451
207 9 6458 6499
208 9 6451 6494
209 9 6452 6494
210 9 6437 6479
211 9 6419 6461
212 9 6446 6489
213 9 6427 6468
214 9 6422 6464
215 9 6441 6482
216 9 6444 6486
217 9 6434 6475
218 9 6415 6456
219 9 6439 6481
220 9 6429 6471
221 9 6428 6470
221 15 7200 7300
222 9 6461 6502
223 9 6431 6472
224 9 6424 6466
225 11 3014 3260
226 9 6450 6492
227 9 6427 6469
228 9 6461 6503
229 9 6462 6505
230 9 7298 7340
231 9 6421 6462
232 9 6421 6463
233 9 6419 6461
234 9 6423 6465
235 9 6424 6466
236 9 6434 6477
237 9 6434 6477
238 9 6445 6488
239 9 6442 6486
240 9 6432 6474
241 9 6452 6494
242 9 6426 6468
243 9 6408 6450
244 9 6401 6443
245 9 3642 3684
246 9 3631 3674
247 15 0 5345
247 9 4123 4166
248 9 4103 4147
249 9 4004 4047
250 9 6411 6453
251 9 6431 6474
252 9 6449 6491
253 9 6462 6506
254 9 6354 6397
255 9 6421 6463
256 9 3770 3813
257 9 6459 6502
258 9 6433 6475
259 9 6455 6498
260 9 6453 6496
261 9 3931 3973
262 9 3714 3757
263 9 4153 4195
264 9 4203 4246
265 9 6412 6453
266 9 6419 6461
267 9 3941 3984
268 9 3852 3894
269 9 6761 6805
270 9 6694 6737
271 9 6732 6775
272 9 6710 6752
273 9 6715 6758
274 9 6716 6759
275 9 6736 6778
276 9 6723 6766
277 9 6761 6803
278 9 6710 6754
279 9 6723 6766
280 9 6714 6761
281 9 6703 6751
282 9 6706 6754
283 9 6706 6754
284 9 6397 6443
285 9 6712 6759
286 9 6303 6349
287 9 6701 6749
288 9 6723 6771
289 20 1947 3390
289 18 2085 3390
289 19 2085 3390
289 21 2107 3390
290 20 0 970
291 9 6393 6450
291 9 7153 7866
292 9 6735 6783
293 9 6720 6768
294 9 6686 6746
294 9 7228 7985
295 9 6735 6783
296 9 6714 6761
296 15 8090 8190
297 9 6694 6742
298 9 6687 6734
299 9 6696 6742
300 9 6719 6767
301 9 6692 6740
302 9 6641 6688
303 9 6713 6761
304 9 6688 6736
305 9 6248 6293
306 9 6700 6749
307 9 6761 6808
308 9 6693 6740
309 9 6330 6377
310 9 6707 6754
311 9 6679 6725
312 9 6342 6387
313 9 6648 6695
314 9 6697 6744
315 9 6707 6754
316 9 6671 6718
317 9 6702 6750
318 9 6688 6736
319 20 1977 2001
319 20 2008 14740
319 18 2148 2149
319 19 2148 2149
319 18 2150 14740
319 19 2150 14740
319 21 2191 14740
320 9 6735 6783
321 9 6718 6766
322 9 6706 6753
323 9 6634 6681
324 9 6717 6765
325 9 6703 6750
326 9 6694 6742
327 9 6334 6381
328 15 1150 8000
328 9 6732 6779
329 9 6324 6370
330 9 6643 6689
331 9 6716 6762
332 9 6713 6761
333 9 6700 6747
334 9 6611 6658
335 9 6335 6381
336 9 6707 6754
337 9 6713 6761
338 9 6683 6731
339 9 6697 6745
340 9 6724 6772
341 14 0 25
342 20 0 5
343 14 1 5
344 14 0 9
345 20 0 5
346 14 2 4
347 14 0 10
348 14 2 3
349 14 0 21
350 20 1631 1639
350 20 1698 1699
351 14 0 6
352 4 1909 1917
353 4 1497 1514
354 20 0 4
354 4 1988 1990
355 20 0 5
356 15 3310 4850
357 23 1049 1480
358 23 6 330
359 23 7 470
360 23 7 20
361 23 9 120
362 20 0 5
363 18 3372 3374
363 19 3372 3374
363 18 3665 3666
363 19 3665 3666
363 18 3666 3667
363 19 3666 3667
363 18 3671 3672
363 19 3671 3672
363 18 3676 3678
363 19 3676 3678
363 18 3681 3686
363 19 3681 3686
363 18 3688 3689
363 19 3688 3689
363 18 3819 3824
363 19 3819 3824
363 18 3824 3825
363 19 3824 3825
363 18 3830 3834
363 19 3830 3834
363 18 3835 3836
363 19 3835 3836
364 15 1940 2228
365 20 100 124
365 20 131 298
366 20 0 9
367 20 0 9
368 20 0 12
369 20 0 9
370 20 0 10
371 20 0 23
371 18 3056 3057
371 19 3056 3057
371 18 3061 3062
371 19 3061 3062
371 18 3064 3066
371 19 3064 3066
371 18 3073 3079
371 19 3073 3079
371 18 3080 3082
371 19 3080 3082
371 18 3083 3084
371 19 3083 3084
371 18 3086 3087
371 19 3086 3087
371 18 3352 3353
371 19 3352 3353
371 18 3356 3360
371 19 3356 3360
371 18 3360 3361
371 19 3360 3361
371 18 3363 3364
371 19 3363 3364
371 18 3368 3369
371 19 3368 3369
371 18 3448 3452
371 19 3448 3452
371 18 3452 3457
371 19 3452 3457
371 18 3542 3543
371 19 3542 3543
371 18 3545 3564
371 19 3545 3564
371 18 3565 3566
371 19 3565 3566
371 18 3606 3615
371 19 3606 3615
371 18 3615 3616
371 19 3615 3616
371 18 3616 3617
371 19 3616 3617
371 18 3618 3638
371 19 3618 3638
371 18 3638 3641
371 19 3638 3641
371 18 3642 3643
371 19 3642 3643
371 18 3692 3697
371 19 3692 3697
371 18 3698 3699
371 19 3698 3699
371 18 3700 3715
371 19 3700 3715
371 18 3719 3721
371 19 3719 3721
371 18 3732 3733
371 19 3732 3733
371 18 3735 3736
371 19 3735 3736
371 18 3742 3744
371 19 3742 3744
371 18 3779 3781
371 19 3779 3781
371 18 3787 3789
371 19 3787 3789
371 18 3789 3808
371 19 3789 3808
371 18 3809 3810
371 19 3809 3810
371 18 3810 3811
371 19 3810 3811
371 18 3811 3812
371 19 3811 3812
371 18 3833 3834
371 19 3833 3834
371 18 3842 3843
371 19 3842 3843
371 18 3844 3845
371 19 3844 3845
371 18 3859 3868
371 19 3859 3868
371 18 3868 3881
371 19 3868 3881
371 18 3884 3891
371 19 3884 3891
371 18 3892 3894
371 19 3892 3894
371 18 3953 3954
371 19 3953 3954
371 18 3974 3977
371 19 3974 3977
371 18 3981 3982
371 19 3981 3982
371 18 3983 3984
371 19 3983 3984
371 18 3985 3986
371 19 3985 3986
371 18 3987 3988
371 19 3987 3988
371 18 3988 4020
371 19 3988 4020
371 18 4043 4044
371 19 4043 4044
371 18 4045 4046
371 19 4045 4046
371 18 4046 4047
371 19 4046 4047
371 18 4062 4067
371 19 4062 4067
371 18 4069 4077
371 19 4069 4077
371 18 4096 4168
371 19 4096 4168
371 18 4168 4172
371 19 4168 4172
371 18 4174 4176
371 19 4174 4176
371 18 4176 4179
371 19 4176 4179
371 18 4182 4184
371 19 4182 4184
371 18 4185 4214
371 19 4185 4214
371 18 4232 4233
371 19 4232 4233
371 18 4233 4234
371 19 4233 4234
371 18 4236 4354
371 19 4236 4354
371 18 4395 4396
371 19 4395 4396
371 18 4396 4397
371 19 4396 4397
371 18 4400 4401
371 19 4400 4401
371 18 4418 4452
371 19 4418 4452
371 18 4458 4460
371 19 4458 4460
371 18 4460 4461
371 19 4460 4461
371 18 4493 4542
371 19 4493 4542
371 18 4543 4553
371 19 4543 4553
371 18 4571 4648
371 19 4571 4648
371 18 4650 4651
371 19 4650 4651
371 18 4653 4664
371 19 4653 4664
371 18 4666 4667
371 19 4666 4667
371 18 4669 4688
371 19 4669 4688
371 18 4688 4692
371 19 4688 4692
371 18 4695 4707
371 19 4695 4707
371 18 4707 4708
371 19 4707 4708
371 18 4712 4714
371 19 4712 4714
371 18 4716 4720
371 19 4716 4720
371 18 4720 4751
371 19 4720 4751
371 18 4758 4762
371 19 4758 4762
371 18 4774 4775
371 19 4774 4775
371 18 4778 4779
371 19 4778 4779
371 18 4814 4817
371 19 4814 4817
371 18 4830 4831
371 19 4830 4831
371 18 4833 4835
371 19 4833 4835
371 18 4837 4840
371 19 4837 4840
371 18 4840 4841
371 19 4840 4841
371 18 4843 4877
371 19 4843 4877
371 18 4882 4885
371 19 4882 4885
371 18 4923 4929
371 19 4923 4929
371 18 4931 4932
371 19 4931 4932
371 18 4932 4933
371 19 4932 4933
371 18 4938 4979
371 19 4938 4979
371 18 4982 5026
371 19 4982 5026
371 18 5027 5029
371 19 5027 5029
371 18 5032 5034
371 19 5032 5034
371 18 5040 5046
371 19 5040 5046
371 18 5046 5048
371 19 5046 5048
371 18 5049 5057
371 19 5049 5057
371 18 5057 5058
371 19 5057 5058
371 18 5065 5068
371 19 5065 5068
371 18 5071 5089
371 19 5071 5089
371 18 5090 5091
371 19 5090 5091
371 18 5094 5095
371 19 5094 5095
371 18 5096 5097
371 19 5096 5097
371 18 5098 5115
371 19 5098 5115
371 18 5127 5128
371 19 5127 5128
371 18 5132 5133
371 19 5132 5133
371 18 5134 5223
371 19 5134 5223
371 18 5223 5225
371 19 5223 5225
372 18 1796 1813
372 19 1796 1813
372 18 1815 1819
372 19 1815 1819
372 18 1942 1943
372 19 1942 1943
372 18 2100 2101
372 19 2100 2101
372 18 2215 2216
372 19 2215 2216
372 18 2217 2219
372 19 2217 2219
372 18 2225 2226
372 19 2225 2226
372 18 2227 2228
372 19 2227 2228
372 18 2233 2246
372 19 2233 2246
372 18 2247 2249
372 19 2247 2249
372 18 2250 2251
372 19 2250 2251
372 18 2287 2288
372 19 2287 2288
372 18 2288 2289
372 19 2288 2289
372 18 2292 2297
372 19 2292 2297
372 18 2298 2304
372 19 2298 2304
372 18 2308 2309
372 19 2308 2309
372 18 2311 2315
372 19 2311 2315
372 18 2316 2318
372 19 2316 2318
372 18 2325 2326
372 19 2325 2326
372 18 2326 2327
372 19 2326 2327
372 18 2347 2348
372 19 2347 2348
372 18 2349 2357
372 19 2349 2357
372 18 2359 2371
372 19 2359 2371
372 18 2372 2373
372 19 2372 2373
372 18 2387 2388
372 19 2387 2388
372 18 2399 2402
372 19 2399 2402
372 18 2402 2404
372 19 2402 2404
372 18 2405 2410
372 19 2405 2410
372 18 2410 2417
372 19 2410 2417
372 18 2417 2433
372 19 2417 2433
372 18 2434 2435
372 19 2434 2435
372 18 2436 2443
372 19 2436 2443
372 18 2446 2448
372 19 2446 2448
372 18 2448 2449
372 19 2448 2449
372 18 2468 2471
372 19 2468 2471
372 18 2475 2476
372 19 2475 2476
372 18 2476 2477
372 19 2476 2477
372 18 2483 2484
372 19 2483 2484
372 18 2488 2490
372 19 2488 2490
372 18 2491 2507
372 19 2491 2507
372 18 2508 2515
372 19 2508 2515
372 18 2516 2517
372 19 2516 2517
372 18 2580 2581
372 19 2580 2581
372 18 2582 2583
372 19 2582 2583
372 18 2584 2608
372 19 2584 2608
372 18 2609 2672
372 19 2609 2672
372 18 2700 2701
372 19 2700 2701
372 18 2703 2705
372 19 2703 2705
372 18 2716 2718
372 19 2716 2718
372 18 2723 2725
372 19 2723 2725
372 18 2726 2731
372 19 2726 2731
372 18 2731 2748
372 19 2731 2748
372 18 2749 2750
372 19 2749 2750
372 18 2751 2778
372 19 2751 2778
372 18 2778 2791
372 19 2778 2791
372 18 2792 2798
372 19 2792 2798
372 18 2812 2823
372 19 2812 2823
372 18 2825 2827
372 19 2825 2827
372 18 2834 2835
372 19 2834 2835
372 18 2837 2934
372 19 2837 2934
372 18 2935 3023
372 19 2935 3023
372 18 3061 3068
372 19 3061 3068
372 18 3068 3091
372 19 3068 3091
372 18 3091 3101
372 19 3091 3101
372 18 3104 3188
372 19 3104 3188
372 18 3189 3193
372 19 3189 3193
372 18 3194 3223
372 19 3194 3223
372 18 3226 3235
372 19 3226 3235
372 18 3237 3245
372 19 3237 3245
372 18 3247 3308
372 19 3247 3308
372 18 3309 3315
372 19 3309 3315
372 18 3317 3335
372 19 3317 3335
372 18 3339 3473
372 19 3339 3473
372 18 3474 3508
372 19 3474 3508
372 18 3509 3535
372 19 3509 3535
372 18 3536 3538
372 19 3536 3538
372 18 3538 3543
372 19 3538 3543
372 18 3546 3620
372 19 3546 3620
372 18 3621 3647
372 19 3621 3647
372 18 3651 3653
372 19 3651 3653
372 18 3654 3655
372 19 3654 3655
372 18 3658 3659
372 19 3658 3659
372 18 3660 3815
372 19 3660 3815
372 18 3817 3821
372 19 3817 3821
372 18 3821 3824
372 19 3821 3824
372 18 3824 3998
372 19 3824 3998
372 18 3998 4180
372 19 3998 4180
372 18 4180 4182
372 19 4180 4182
372 18 4185 4190
372 19 4185 4190
372 18 4194 4195
372 19 4194 4195
372 18 4196 4197
372 19 4196 4197
372 18 4198 4200
372 19 4198 4200
372 18 4204 4325
372 19 4204 4325
372 18 4326 4333
372 19 4326 4333
372 18 4334 4336
372 19 4334 4336
372 18 4338 4485
372 19 4338 4485
372 18 4486 4487
372 19 4486 4487
372 18 4488 4492
372 19 4488 4492
372 18 4492 4590
372 19 4492 4590
372 18 4592 4594
372 19 4592 4594
372 18 4595 4599
372 19 4595 4599
372 18 4600 4608
372 19 4600 4608
372 18 4612 4613
372 19 4612 4613
372 18 4614 4615
372 19 4614 4615
372 18 4616 4623
372 19 4616 4623
372 18 4624 4808
372 19 4624 4808
372 18 4808 4809
372 19 4808 4809
372 18 4810 4811
372 19 4810 4811
372 18 4814 4872
372 19 4814 4872
372 18 4873 4877
372 19 4873 4877
372 18 4878 4927
372 19 4878 4927
372 18 4928 5040
372 19 4928 5040
372 18 5040 5043
372 19 5040 5043
372 18 5043 5044
372 19 5043 5044
372 18 5044 5147
372 19 5044 5147
372 18 5149 5341
372 19 5149 5341
372 18 5342 5346
372 19 5342 5346
372 18 5346 5364
372 19 5346 5364
372 18 5365 5426
372 19 5365 5426
372 18 5427 5694
372 19 5427 5694
372 18 5695 5699
372 19 5695 5699
372 18 5699 5700
372 19 5699 5700
372 18 5703 6118
372 19 5703 6118
372 18 6119 6507
372 19 6119 6507
372 18 6507 6508
372 19 6507 6508
372 18 6508 6705
372 19 6508 6705
372 18 6707 6738
372 19 6707 6738
372 18 6739 7037
372 19 6739 7037
372 18 7038 7039
372 19 7038 7039
372 18 7041 7046
372 19 7041 7046
372 18 7048 7049
372 19 7048 7049
372 18 7050 7219
372 19 7050 7219
372 18 7220 7221
372 19 7220 7221
372 18 7221 7222
372 19 7221 7222
372 18 7224 7479
372 19 7224 7479
372 18 7479 7705
372 19 7479 7705
372 18 7707 7708
372 19 7707 7708
372 18 7715 7716
372 19 7715 7716
372 18 7717 7870
372 19 7717 7870
372 18 7871 7872
372 19 7871 7872
372 18 7872 7974
372 19 7872 7974
372 18 7975 8006
372 19 7975 8006
372 18 8007 8093
372 19 8007 8093
372 18 8097 8098
372 19 8097 8098
372 18 8106 8112
372 19 8106 8112
372 18 8114 8115
372 19 8114 8115
372 18 8117 8118
372 19 8117 8118
372 18 8120 8123
372 19 8120 8123
372 18 8124 8125
372 19 8124 8125
372 18 8128 8287
372 19 8128 8287
372 18 8288 8290
372 19 8288 8290
372 18 8290 8291
372 19 8290 8291
372 18 8292 8420
372 19 8292 8420
372 18 8422 8433
372 19 8422 8433
372 18 8434 8442
372 19 8434 8442
372 18 8443 8444
372 19 8443 8444
372 18 8446 8540
372 19 8446 8540
372 18 8540 8545
372 19 8540 8545
372 18 8548 8616
372 19 8548 8616
372 18 8619 8620
372 19 8619 8620
372 18 8627 8738
372 19 8627 8738
372 18 8739 8822
372 19 8739 8822
372 18 8824 8825
372 19 8824 8825
372 18 8827 8829
372 19 8827 8829
372 18 8830 8831
372 19 8830 8831
372 18 8832 8833
372 19 8832 8833
372 18 8836 8839
372 19 8836 8839
373 20 0 22
374 20 0 22
375 20 0 11
375 20 31 58
376 20 0 10
377 20 0 10
377 20 34 92
378 20 0 10
378 20 35 94
379 20 0 10
379 20 37 50
380 20 10 14
381 20 0 11
381 20 39 73
382 20 0 10
382 20 40 92
383 20 0 11
383 20 41 95
383 9 7241 7250
384 20 0 8
384 20 42 65
385 20 0 10
385 20 45 70
386 20 0 10
386 20 47 72
387 20 0 10
387 20 53 78
388 20 0 10
388 20 50 75
389 20 0 1370
390 20 0 1209
391 20 0 740
392 20 0 240
393 20 0 1410
394 20 0 450
395 20 0 640
396 20 1324 1325
397 7 1164 1227
397 12 1180 1493
397 6 1492 1600
398 23 1017 3010
399 23 9 680
400 23 8 70
401 15 7730 7820
402 20 8408 8409
403 20 8596 8599
404 20 7448 7452
404 20 8344 8347
405 20 8040 8049
406 20 6264 11850
406 10 7151 11668
407 18 2022 2023
407 19 2022 2023
407 18 2029 2031
407 19 2029 2031
407 18 2031 2034
407 19 2031 2034
407 18 2036 2037
407 19 2036 2037
407 18 2122 2148
407 19 2122 2148
407 18 2150 2152
407 19 2150 2152
407 18 2153 2158
407 19 2153 2158
407 18 2281 2283
407 19 2281 2283
407 18 2283 2285
407 19 2283 2285
407 18 2286 2287
407 19 2286 2287
407 18 2327 2330
407 19 2327 2330
407 18 2348 2350
407 19 2348 2350
407 18 2352 2353
407 19 2352 2353
407 18 2353 2354
407 19 2353 2354
407 18 2357 2359
407 19 2357 2359
407 18 2360 2361
407 19 2360 2361
407 18 2427 2431
407 19 2427 2431
407 18 2432 2433
407 19 2432 2433
407 18 2434 2435
407 19 2434 2435
407 18 2437 2451
407 19 2437 2451
407 18 2526 2527
407 19 2526 2527
407 18 2541 2542
407 19 2541 2542
407 18 2544 2547
407 19 2544 2547
407 18 2548 2549
407 19 2548 2549
407 18 2553 2556
407 19 2553 2556
407 18 2563 2565
407 19 2563 2565
407 18 2566 2567
407 19 2566 2567
407 18 2571 2580
407 19 2571 2580
407 18 2588 2598
407 19 2588 2598
407 18 2638 2639
407 19 2638 2639
407 18 2641 2653
407 19 2641 2653
407 18 2654 2659
407 19 2654 2659
407 18 2662 2664
407 19 2662 2664
407 18 2664 2665
407 19 2664 2665
407 18 2668 2677
407 19 2668 2677
407 18 2684 2686
407 19 2684 2686
407 18 2687 2689
407 19 2687 2689
407 18 2699 2702
407 19 2699 2702
407 18 2729 2730
407 19 2729 2730
407 18 2740 2749
407 19 2740 2749
407 18 2749 2752
407 19 2749 2752
407 18 2755 2756
407 19 2755 2756
407 18 2770 2771
407 19 2770 2771
407 18 2791 2802
407 19 2791 2802
407 18 2803 2810
407 19 2803 2810
407 18 2811 2836
407 19 2811 2836
407 18 2838 2839
407 19 2838 2839
407 18 2841 2877
407 19 2841 2877
407 18 2878 2896
407 19 2878 2896
407 18 2902 2906
407 19 2902 2906
407 18 2921 2922
407 19 2921 2922
407 18 2923 3031
407 19 2923 3031
407 18 3039 3040
407 19 3039 3040
407 18 3041 3042
407 19 3041 3042
407 18 3043 3064
407 19 3043 3064
407 18 3065 3078
407 19 3065 3078
407 18 3079 3132
407 19 3079 3132
407 18 3132 3138
407 19 3132 3138
407 18 3141 3150
407 19 3141 3150
407 18 3155 3179
407 19 3155 3179
407 18 3180 3350
407 19 3180 3350
407 18 3354 3355
407 19 3354 3355
407 18 3356 3358
407 19 3356 3358
407 18 3359 3360
407 19 3359 3360
407 18 3367 3448
407 19 3367 3448
407 18 3449 3450
407 19 3449 3450
407 18 3451 3452
407 19 3451 3452
407 18 3464 3475
407 19 3464 3475
407 18 3478 3482
407 19 3478 3482
407 18 3483 3642
407 19 3483 3642
407 18 3649 3657
407 19 3649 3657
407 18 3657 3712
407 19 3657 3712
407 18 3713 3830
407 19 3713 3830
407 18 3835 3836
407 19 3835 3836
407 18 3837 3847
407 19 3837 3847
407 18 3848 4239
407 19 3848 4239
407 18 4246 4247
407 19 4246 4247
407 18 4250 4254
407 19 4250 4254
407 18 4254 4276
407 19 4254 4276
407 18 4277 4292
407 19 4277 4292
407 18 4292 4300
407 19 4292 4300
407 18 4300 4376
407 19 4300 4376
407 18 4376 4377
407 19 4376 4377
407 18 4378 4400
407 19 4378 4400
407 18 4400 4402
407 19 4400 4402
407 18 4402 4403
407 19 4402 4403
407 18 4407 4413
407 19 4407 4413
407 18 4413 4414
407 19 4413 4414
407 18 4423 4425
407 19 4423 4425
407 18 4428 4433
407 19 4428 4433
407 18 4433 4434
407 19 4433 4434
407 18 4436 4437
407 19 4436 4437
407 18 4440 4534
407 19 4440 4534
407 18 4535 4627
407 19 4535 4627
407 18 4632 4633
407 19 4632 4633
407 18 4637 4638
407 19 4637 4638
407 18 4641 4643
407 19 4641 4643
407 18 4644 4646
407 19 4644 4646
407 18 4647 4650
407 19 4647 4650
407 18 4653 4654
407 19 4653 4654
407 18 4655 4695
407 19 4655 4695
407 18 4697 4708
407 19 4697 4708
407 18 4708 4709
407 19 4708 4709
407 18 4710 4711
407 19 4710 4711
407 18 4715 4719
407 19 4715 4719
407 18 4720 4723
407 19 4720 4723
407 18 4726 4739
407 19 4726 4739
407 18 4740 4753
407 19 4740 4753
407 18 4754 4788
407 19 4754 4788
407 18 4791 4836
407 19 4791 4836
407 18 4840 4841
407 19 4840 4841
407 18 4842 4858
407 19 4842 4858
407 18 4858 4859
407 19 4858 4859
407 18 4863 4864
407 19 4863 4864
407 18 4865 4940
407 19 4865 4940
407 18 4944 4951
407 19 4944 4951
407 18 4952 4955
407 19 4952 4955
407 18 4961 4966
407 19 4961 4966
407 18 4966 4969
407 19 4966 4969
407 18 4970 4993
407 19 4970 4993
407 18 4994 5306
407 19 4994 5306
407 18 5307 5322
407 19 5307 5322
407 18 5323 5324
407 19 5323 5324
407 18 5326 5327
407 19 5326 5327
407 18 5328 5338
407 19 5328 5338
407 18 5340 5341
407 19 5340 5341
407 18 5342 5444
407 19 5342 5444
407 18 5445 5453
407 19 5445 5453
407 18 5456 5459
407 19 5456 5459
407 18 5461 5526
407 19 5461 5526
407 18 5528 5532
407 19 5528 5532
407 18 5533 5534
407 19 5533 5534
407 18 5543 5544
407 19 5543 5544
407 18 5544 5641
407 19 5544 5641
407 18 5641 5712
407 19 5641 5712
407 18 5713 5714
407 19 5713 5714
407 18 5715 5801
407 19 5715 5801
407 18 5802 5803
407 19 5802 5803
407 18 5804 5806
407 19 5804 5806
407 18 5807 5998
407 19 5807 5998
407 18 5998 6489
407 19 5998 6489
407 18 6490 6642
407 19 6490 6642
407 18 6646 6650
407 19 6646 6650
407 18 6650 6759
407 19 6650 6759
407 18 6759 6764
407 19 6759 6764
407 18 6765 6830
407 19 6765 6830
407 18 6830 6832
407 19 6830 6832
407 18 6834 6835
407 19 6834 6835
407 18 6837 6902
407 19 6837 6902
407 18 6903 6904
407 19 6903 6904
407 18 6909 6922
407 19 6909 6922
407 18 6922 6932
407 19 6922 6932
407 18 6933 6936
407 19 6933 6936
407 18 6937 6940
407 19 6937 6940
407 18 6940 6942
407 19 6940 6942
407 18 6942 6994
407 19 6942 6994
407 18 6995 7097
407 19 6995 7097
407 18 7098 7103
407 19 7098 7103
407 18 7104 7179
407 19 7104 7179
407 18 7179 7181
407 19 7179 7181
407 18 7184 7314
407 19 7184 7314
407 18 7315 7316
407 19 7315 7316
407 18 7316 7317
407 19 7316 7317
407 18 7323 7324
407 19 7323 7324
407 18 7324 7330
407 19 7324 7330
407 18 7332 7334
407 19 7332 7334
407 18 7334 7345
407 19 7334 7345
407 18 7345 7358
407 19 7345 7358
407 18 7358 7365
407 19 7358 7365
408 23 558 3110
409 23 8 500
410 7 957 980
411 9 7354 7374
411 5 7373 7374
411 6 7616 7640
412 15 3970 4320
413 15 2360 7763
414 11 6840 6897
415 9 7082 7106
416 20 5868 10456
416 3 6908 7017
416 10 7249 10273
417 20 7132 7134
418 20 1783 2320
419 20 0 330
420 20 0 3
420 20 9 40
421 20 0 648
421 20 655 701
421 20 708 730
422 17 2496 2497
422 17 2816 2818
422 17 2824 2826
422 17 2827 2829
422 17 2899 2902
422 17 2902 2903
422 17 2904 2907
422 17 2909 2939
422 17 2944 2966
422 17 3031 3033
422 17 3034 3058
422 17 3065 3066
422 17 3066 3068
422 17 3073 3080
422 17 3137 3138
422 17 3139 3142
422 17 3145 3170
422 17 3176 3177
422 17 3184 3185
422 17 3284 3310
422 17 3310 3313
423 16 2879 2934
423 4 2955 3044
423 18 2956 3061
423 19 2956 3061
424 16 688 957
425 16 913 1127
426 16 950 960
427 16 1404 1460
428 16 67 1475
428 16 1503 1506
429 16 2325 2330
429 16 2340 2350
430 16 2830 2892
430 4 2908 3017
430 18 2910 3034
430 19 2910 3034
431 16 469 481
432 16 2743 2748
432 16 2760 2825
433 16 2977 3039
434 23 1032 1060
435 23 1026 1035
436 18 1869 1887
436 19 1869 1887
437 18 3508 3522
437 19 3508 3522
437 4 3510 3522
438 21 1653 3325
439 21 2160 3968
440 20 6544 9422
440 10 6935 9422
441 11 1500 1520
442 11 0 13
443 20 6823 6835
444 17 3012 3014
444 17 3014 3015
444 17 3017 3019
444 17 3021 3023
444 17 3031 3032
444 17 3036 3037
445 13 842 866
446 20 2378 2600
446 18 2532 2600
446 19 2532 2600
446 21 2532 2600
447 20 1911 1935
447 20 1941 1945
448 20 8 15
449 20 9 13
450 20 5974 5998
450 20 6005 6190
451 20 3756 3790
452 20 0 3
452 20 9 190
453 20 0 32
453 20 39 45
454 13 1516 1550
455 18 2259 2260
455 19 2259 2260
455 18 2261 2262
455 19 2261 2262
455 18 2263 2296
455 19 2263 2296
456 18 2770 2771
456 19 2770 2771
456 18 2783 2784
456 19 2783 2784
456 18 2786 2788
456 19 2786 2788
456 18 2831 2833
456 19 2831 2833
456 18 2835 2838
456 19 2835 2838
456 18 2858 2867
456 19 2858 2867
456 18 2867 2868
456 19 2867 2868
456 18 2875 2891
456 19 2875 2891
456 18 2892 2893
456 19 2892 2893
456 18 2894 2896
456 19 2894 2896
457 18 4429 4460
457 19 4429 4460
458 20 3646 3670
459 9 6548 6558
459 9 6816 7280
460 20 506 509
461 2 7028 7029
462 4 1569 1584
463 4 625 648
463 19 1714 1722
463 18 1720 1722
464 13 840 879
464 13 982 1018
464 17 1018 1021
464 19 1018 1024
465 20 9 11
466 13 1376 1408
466 13 1408 1409
466 17 2018 2019
466 17 2046 2047
466 17 2051 2053
466 17 2054 2055
466 17 2197 2198
466 17 2198 2242
466 17 2248 2257
466 17 2257 2259
466 17 2289 2323
466 17 2406 2407
466 17 2408 2416
466 17 2417 2418
466 17 2419 2429
466 17 2431 2448
466 17 2448 2452
466 17 2453 2454
466 17 2454 2456
466 17 2464 2465
466 17 2480 2481
466 17 2510 2516
466 17 2516 2612
466 17 2615 2616
466 17 2616 2620
466 17 2620 2780
466 17 3197 3226
467 20 10 13
468 20 23 206
469 20 1408 1480
469 20 1488 1548
469 20 1609 1690
470 20 264 287
471 19 4264 5028
471 18 4270 5028
471 19 5029 5129
471 18 5035 5129
472 20 7707 7887
473 9 6998 7000
474 20 7897 8079
475 19 2191 2193
475 19 2194 2196
475 19 2196 2197
475 19 2198 2201
475 19 2201 2202
475 19 2217 2224
475 18 2223 2224
475 19 2230 2234
475 19 2236 2237
475 19 2237 2241
475 19 2244 2251
475 18 2250 2251
475 19 2255 2256
475 19 2257 3670
475 18 2263 3670
476 9 7001 7990
476 8 7228 7990
476 10 7320 7452
476 10 7490 7737
